{
 "cells": [
  {
   "cell_type": "code",
   "execution_count": 1,
   "metadata": {},
   "outputs": [],
   "source": [
    "import pandas as pd\n",
    "import numpy as np\n",
    "import statsmodels.api as sm\n",
    "from statsmodels.formula.api import ols\n",
    "import matplotlib.pyplot as plt\n",
    "import seaborn as sns\n",
    "import math\n",
    "from sklearn.model_selection import train_test_split, cross_val_score\n",
    "from sklearn.preprocessing import OneHotEncoder\n",
    "from sklearn.linear_model import LinearRegression\n",
    "from sklearn.dummy import DummyRegressor\n",
    "from sklearn.ensemble import RandomForestRegressor\n",
    "from sklearn.impute import SimpleImputer\n",
    "from sklearn.metrics import mean_squared_error\n",
    "from sklearn.preprocessing import PolynomialFeatures, StandardScaler\n",
    "regr = LinearRegression()\n",
    "import xgboost\n",
    "from sklearn.metrics import explained_variance_score\n",
    "from sklearn.model_selection import cross_val_score\n",
    "from sklearn.metrics import mean_squared_error, r2_score"
   ]
  },
  {
   "cell_type": "markdown",
   "metadata": {},
   "source": [
    "Importing raw data"
   ]
  },
  {
   "cell_type": "code",
   "execution_count": 2,
   "metadata": {},
   "outputs": [],
   "source": [
    "df =pd.read_csv(\"../../../data/kc_house_data.csv\")"
   ]
  },
  {
   "cell_type": "markdown",
   "metadata": {},
   "source": [
    "Checking for null values"
   ]
  },
  {
   "cell_type": "code",
   "execution_count": 3,
   "metadata": {},
   "outputs": [
    {
     "data": {
      "text/plain": [
       "id                  0\n",
       "date                0\n",
       "price               0\n",
       "bedrooms            0\n",
       "bathrooms           0\n",
       "sqft_living         0\n",
       "sqft_lot            0\n",
       "floors              0\n",
       "waterfront       2376\n",
       "view               63\n",
       "condition           0\n",
       "grade               0\n",
       "sqft_above          0\n",
       "sqft_basement       0\n",
       "yr_built            0\n",
       "yr_renovated     3842\n",
       "zipcode             0\n",
       "lat                 0\n",
       "long                0\n",
       "sqft_living15       0\n",
       "sqft_lot15          0\n",
       "dtype: int64"
      ]
     },
     "execution_count": 3,
     "metadata": {},
     "output_type": "execute_result"
    }
   ],
   "source": [
    "df.isna().sum()"
   ]
  },
  {
   "cell_type": "markdown",
   "metadata": {},
   "source": [
    "removing id and sqft_basement columns"
   ]
  },
  {
   "cell_type": "code",
   "execution_count": 4,
   "metadata": {},
   "outputs": [],
   "source": [
    "df = df.drop(\"id\", axis=1)\n",
    "df = df.drop(\"sqft_basement\", axis=1)"
   ]
  },
  {
   "cell_type": "markdown",
   "metadata": {},
   "source": [
    "Created a new column by combining bathrooms and bedrooms"
   ]
  },
  {
   "cell_type": "code",
   "execution_count": 5,
   "metadata": {},
   "outputs": [],
   "source": [
    "bath_and_bed = df['bedrooms'] + df['bathrooms']\n",
    "df[\"bath_and_bed\"] = bath_and_bed"
   ]
  },
  {
   "cell_type": "markdown",
   "metadata": {},
   "source": [
    "removed null values in view column"
   ]
  },
  {
   "cell_type": "code",
   "execution_count": 6,
   "metadata": {},
   "outputs": [],
   "source": [
    "df['view'] = df['view'].fillna(0)"
   ]
  },
  {
   "cell_type": "markdown",
   "metadata": {},
   "source": [
    "Feature engineered and new column that turns year renovated into a true or false column with 0 and 1"
   ]
  },
  {
   "cell_type": "code",
   "execution_count": 7,
   "metadata": {},
   "outputs": [],
   "source": [
    "df['renovation_yes'] = (~np.isnan(df['yr_renovated'])).astype(int)"
   ]
  },
  {
   "cell_type": "markdown",
   "metadata": {},
   "source": [
    "checking correlation"
   ]
  },
  {
   "cell_type": "code",
   "execution_count": 8,
   "metadata": {},
   "outputs": [
    {
     "data": {
      "text/html": [
       "<div>\n",
       "<style scoped>\n",
       "    .dataframe tbody tr th:only-of-type {\n",
       "        vertical-align: middle;\n",
       "    }\n",
       "\n",
       "    .dataframe tbody tr th {\n",
       "        vertical-align: top;\n",
       "    }\n",
       "\n",
       "    .dataframe thead th {\n",
       "        text-align: right;\n",
       "    }\n",
       "</style>\n",
       "<table border=\"1\" class=\"dataframe\">\n",
       "  <thead>\n",
       "    <tr style=\"text-align: right;\">\n",
       "      <th></th>\n",
       "      <th>price</th>\n",
       "      <th>bedrooms</th>\n",
       "      <th>bathrooms</th>\n",
       "      <th>sqft_living</th>\n",
       "      <th>sqft_lot</th>\n",
       "      <th>floors</th>\n",
       "      <th>waterfront</th>\n",
       "      <th>view</th>\n",
       "      <th>condition</th>\n",
       "      <th>grade</th>\n",
       "      <th>sqft_above</th>\n",
       "      <th>yr_built</th>\n",
       "      <th>yr_renovated</th>\n",
       "      <th>zipcode</th>\n",
       "      <th>lat</th>\n",
       "      <th>long</th>\n",
       "      <th>sqft_living15</th>\n",
       "      <th>sqft_lot15</th>\n",
       "      <th>bath_and_bed</th>\n",
       "      <th>renovation_yes</th>\n",
       "    </tr>\n",
       "  </thead>\n",
       "  <tbody>\n",
       "    <tr>\n",
       "      <th>price</th>\n",
       "      <td>1.000000</td>\n",
       "      <td>0.308787</td>\n",
       "      <td>0.525906</td>\n",
       "      <td>0.701917</td>\n",
       "      <td>0.089876</td>\n",
       "      <td>0.256804</td>\n",
       "      <td>0.276295</td>\n",
       "      <td>0.393497</td>\n",
       "      <td>0.036056</td>\n",
       "      <td>0.667951</td>\n",
       "      <td>0.605368</td>\n",
       "      <td>0.053953</td>\n",
       "      <td>0.129599</td>\n",
       "      <td>-0.053402</td>\n",
       "      <td>0.306692</td>\n",
       "      <td>0.022036</td>\n",
       "      <td>0.585241</td>\n",
       "      <td>0.082845</td>\n",
       "      <td>0.467376</td>\n",
       "      <td>0.002127</td>\n",
       "    </tr>\n",
       "    <tr>\n",
       "      <th>bedrooms</th>\n",
       "      <td>0.308787</td>\n",
       "      <td>1.000000</td>\n",
       "      <td>0.514508</td>\n",
       "      <td>0.578212</td>\n",
       "      <td>0.032471</td>\n",
       "      <td>0.177944</td>\n",
       "      <td>-0.002386</td>\n",
       "      <td>0.078354</td>\n",
       "      <td>0.026496</td>\n",
       "      <td>0.356563</td>\n",
       "      <td>0.479386</td>\n",
       "      <td>0.155670</td>\n",
       "      <td>0.018495</td>\n",
       "      <td>-0.154092</td>\n",
       "      <td>-0.009951</td>\n",
       "      <td>0.132054</td>\n",
       "      <td>0.393406</td>\n",
       "      <td>0.030690</td>\n",
       "      <td>0.894855</td>\n",
       "      <td>0.012265</td>\n",
       "    </tr>\n",
       "    <tr>\n",
       "      <th>bathrooms</th>\n",
       "      <td>0.525906</td>\n",
       "      <td>0.514508</td>\n",
       "      <td>1.000000</td>\n",
       "      <td>0.755758</td>\n",
       "      <td>0.088373</td>\n",
       "      <td>0.502582</td>\n",
       "      <td>0.067282</td>\n",
       "      <td>0.186016</td>\n",
       "      <td>-0.126479</td>\n",
       "      <td>0.665838</td>\n",
       "      <td>0.686668</td>\n",
       "      <td>0.507173</td>\n",
       "      <td>0.051050</td>\n",
       "      <td>-0.204786</td>\n",
       "      <td>0.024280</td>\n",
       "      <td>0.224903</td>\n",
       "      <td>0.569884</td>\n",
       "      <td>0.088303</td>\n",
       "      <td>0.843155</td>\n",
       "      <td>0.013109</td>\n",
       "    </tr>\n",
       "    <tr>\n",
       "      <th>sqft_living</th>\n",
       "      <td>0.701917</td>\n",
       "      <td>0.578212</td>\n",
       "      <td>0.755758</td>\n",
       "      <td>1.000000</td>\n",
       "      <td>0.173453</td>\n",
       "      <td>0.353953</td>\n",
       "      <td>0.110230</td>\n",
       "      <td>0.281715</td>\n",
       "      <td>-0.059445</td>\n",
       "      <td>0.762779</td>\n",
       "      <td>0.876448</td>\n",
       "      <td>0.318152</td>\n",
       "      <td>0.055660</td>\n",
       "      <td>-0.199802</td>\n",
       "      <td>0.052155</td>\n",
       "      <td>0.241214</td>\n",
       "      <td>0.756402</td>\n",
       "      <td>0.184342</td>\n",
       "      <td>0.755961</td>\n",
       "      <td>0.009294</td>\n",
       "    </tr>\n",
       "    <tr>\n",
       "      <th>sqft_lot</th>\n",
       "      <td>0.089876</td>\n",
       "      <td>0.032471</td>\n",
       "      <td>0.088373</td>\n",
       "      <td>0.173453</td>\n",
       "      <td>1.000000</td>\n",
       "      <td>-0.004814</td>\n",
       "      <td>0.023143</td>\n",
       "      <td>0.075054</td>\n",
       "      <td>-0.008830</td>\n",
       "      <td>0.114731</td>\n",
       "      <td>0.184139</td>\n",
       "      <td>0.052946</td>\n",
       "      <td>0.004513</td>\n",
       "      <td>-0.129586</td>\n",
       "      <td>-0.085514</td>\n",
       "      <td>0.230227</td>\n",
       "      <td>0.144763</td>\n",
       "      <td>0.718204</td>\n",
       "      <td>0.066362</td>\n",
       "      <td>0.009493</td>\n",
       "    </tr>\n",
       "    <tr>\n",
       "      <th>floors</th>\n",
       "      <td>0.256804</td>\n",
       "      <td>0.177944</td>\n",
       "      <td>0.502582</td>\n",
       "      <td>0.353953</td>\n",
       "      <td>-0.004814</td>\n",
       "      <td>1.000000</td>\n",
       "      <td>0.021883</td>\n",
       "      <td>0.028414</td>\n",
       "      <td>-0.264075</td>\n",
       "      <td>0.458794</td>\n",
       "      <td>0.523989</td>\n",
       "      <td>0.489193</td>\n",
       "      <td>0.003535</td>\n",
       "      <td>-0.059541</td>\n",
       "      <td>0.049239</td>\n",
       "      <td>0.125943</td>\n",
       "      <td>0.280102</td>\n",
       "      <td>-0.010722</td>\n",
       "      <td>0.373192</td>\n",
       "      <td>0.006914</td>\n",
       "    </tr>\n",
       "    <tr>\n",
       "      <th>waterfront</th>\n",
       "      <td>0.276295</td>\n",
       "      <td>-0.002386</td>\n",
       "      <td>0.067282</td>\n",
       "      <td>0.110230</td>\n",
       "      <td>0.023143</td>\n",
       "      <td>0.021883</td>\n",
       "      <td>1.000000</td>\n",
       "      <td>0.405107</td>\n",
       "      <td>0.017642</td>\n",
       "      <td>0.087383</td>\n",
       "      <td>0.075463</td>\n",
       "      <td>-0.026079</td>\n",
       "      <td>0.087244</td>\n",
       "      <td>0.031057</td>\n",
       "      <td>-0.012772</td>\n",
       "      <td>-0.039864</td>\n",
       "      <td>0.088860</td>\n",
       "      <td>0.032002</td>\n",
       "      <td>0.033475</td>\n",
       "      <td>0.001438</td>\n",
       "    </tr>\n",
       "    <tr>\n",
       "      <th>view</th>\n",
       "      <td>0.393497</td>\n",
       "      <td>0.078354</td>\n",
       "      <td>0.186016</td>\n",
       "      <td>0.281715</td>\n",
       "      <td>0.075054</td>\n",
       "      <td>0.028414</td>\n",
       "      <td>0.405107</td>\n",
       "      <td>1.000000</td>\n",
       "      <td>0.045622</td>\n",
       "      <td>0.249082</td>\n",
       "      <td>0.166017</td>\n",
       "      <td>-0.054452</td>\n",
       "      <td>0.100977</td>\n",
       "      <td>0.085059</td>\n",
       "      <td>0.006321</td>\n",
       "      <td>-0.077702</td>\n",
       "      <td>0.278928</td>\n",
       "      <td>0.073083</td>\n",
       "      <td>0.145960</td>\n",
       "      <td>-0.004769</td>\n",
       "    </tr>\n",
       "    <tr>\n",
       "      <th>condition</th>\n",
       "      <td>0.036056</td>\n",
       "      <td>0.026496</td>\n",
       "      <td>-0.126479</td>\n",
       "      <td>-0.059445</td>\n",
       "      <td>-0.008830</td>\n",
       "      <td>-0.264075</td>\n",
       "      <td>0.017642</td>\n",
       "      <td>0.045622</td>\n",
       "      <td>1.000000</td>\n",
       "      <td>-0.146896</td>\n",
       "      <td>-0.158904</td>\n",
       "      <td>-0.361592</td>\n",
       "      <td>-0.061858</td>\n",
       "      <td>0.002888</td>\n",
       "      <td>-0.015102</td>\n",
       "      <td>-0.105877</td>\n",
       "      <td>-0.093072</td>\n",
       "      <td>-0.003126</td>\n",
       "      <td>-0.049224</td>\n",
       "      <td>0.002522</td>\n",
       "    </tr>\n",
       "    <tr>\n",
       "      <th>grade</th>\n",
       "      <td>0.667951</td>\n",
       "      <td>0.356563</td>\n",
       "      <td>0.665838</td>\n",
       "      <td>0.762779</td>\n",
       "      <td>0.114731</td>\n",
       "      <td>0.458794</td>\n",
       "      <td>0.087383</td>\n",
       "      <td>0.249082</td>\n",
       "      <td>-0.146896</td>\n",
       "      <td>1.000000</td>\n",
       "      <td>0.756073</td>\n",
       "      <td>0.447865</td>\n",
       "      <td>0.016669</td>\n",
       "      <td>-0.185771</td>\n",
       "      <td>0.113575</td>\n",
       "      <td>0.200341</td>\n",
       "      <td>0.713867</td>\n",
       "      <td>0.120981</td>\n",
       "      <td>0.570173</td>\n",
       "      <td>0.006782</td>\n",
       "    </tr>\n",
       "    <tr>\n",
       "      <th>sqft_above</th>\n",
       "      <td>0.605368</td>\n",
       "      <td>0.479386</td>\n",
       "      <td>0.686668</td>\n",
       "      <td>0.876448</td>\n",
       "      <td>0.184139</td>\n",
       "      <td>0.523989</td>\n",
       "      <td>0.075463</td>\n",
       "      <td>0.166017</td>\n",
       "      <td>-0.158904</td>\n",
       "      <td>0.756073</td>\n",
       "      <td>1.000000</td>\n",
       "      <td>0.424037</td>\n",
       "      <td>0.022137</td>\n",
       "      <td>-0.261570</td>\n",
       "      <td>-0.001199</td>\n",
       "      <td>0.344842</td>\n",
       "      <td>0.731767</td>\n",
       "      <td>0.195077</td>\n",
       "      <td>0.658030</td>\n",
       "      <td>0.007703</td>\n",
       "    </tr>\n",
       "    <tr>\n",
       "      <th>yr_built</th>\n",
       "      <td>0.053953</td>\n",
       "      <td>0.155670</td>\n",
       "      <td>0.507173</td>\n",
       "      <td>0.318152</td>\n",
       "      <td>0.052946</td>\n",
       "      <td>0.489193</td>\n",
       "      <td>-0.026079</td>\n",
       "      <td>-0.054452</td>\n",
       "      <td>-0.361592</td>\n",
       "      <td>0.447865</td>\n",
       "      <td>0.424037</td>\n",
       "      <td>1.000000</td>\n",
       "      <td>-0.225209</td>\n",
       "      <td>-0.347210</td>\n",
       "      <td>-0.148370</td>\n",
       "      <td>0.409993</td>\n",
       "      <td>0.326377</td>\n",
       "      <td>0.070777</td>\n",
       "      <td>0.361615</td>\n",
       "      <td>0.007925</td>\n",
       "    </tr>\n",
       "    <tr>\n",
       "      <th>yr_renovated</th>\n",
       "      <td>0.129599</td>\n",
       "      <td>0.018495</td>\n",
       "      <td>0.051050</td>\n",
       "      <td>0.055660</td>\n",
       "      <td>0.004513</td>\n",
       "      <td>0.003535</td>\n",
       "      <td>0.087244</td>\n",
       "      <td>0.100977</td>\n",
       "      <td>-0.061858</td>\n",
       "      <td>0.016669</td>\n",
       "      <td>0.022137</td>\n",
       "      <td>-0.225209</td>\n",
       "      <td>1.000000</td>\n",
       "      <td>0.069846</td>\n",
       "      <td>0.032145</td>\n",
       "      <td>-0.072156</td>\n",
       "      <td>-0.000247</td>\n",
       "      <td>0.003852</td>\n",
       "      <td>0.038121</td>\n",
       "      <td>NaN</td>\n",
       "    </tr>\n",
       "    <tr>\n",
       "      <th>zipcode</th>\n",
       "      <td>-0.053402</td>\n",
       "      <td>-0.154092</td>\n",
       "      <td>-0.204786</td>\n",
       "      <td>-0.199802</td>\n",
       "      <td>-0.129586</td>\n",
       "      <td>-0.059541</td>\n",
       "      <td>0.031057</td>\n",
       "      <td>0.085059</td>\n",
       "      <td>0.002888</td>\n",
       "      <td>-0.185771</td>\n",
       "      <td>-0.261570</td>\n",
       "      <td>-0.347210</td>\n",
       "      <td>0.069846</td>\n",
       "      <td>1.000000</td>\n",
       "      <td>0.266742</td>\n",
       "      <td>-0.564259</td>\n",
       "      <td>-0.279299</td>\n",
       "      <td>-0.147294</td>\n",
       "      <td>-0.203221</td>\n",
       "      <td>-0.007471</td>\n",
       "    </tr>\n",
       "    <tr>\n",
       "      <th>lat</th>\n",
       "      <td>0.306692</td>\n",
       "      <td>-0.009951</td>\n",
       "      <td>0.024280</td>\n",
       "      <td>0.052155</td>\n",
       "      <td>-0.085514</td>\n",
       "      <td>0.049239</td>\n",
       "      <td>-0.012772</td>\n",
       "      <td>0.006321</td>\n",
       "      <td>-0.015102</td>\n",
       "      <td>0.113575</td>\n",
       "      <td>-0.001199</td>\n",
       "      <td>-0.148370</td>\n",
       "      <td>0.032145</td>\n",
       "      <td>0.266742</td>\n",
       "      <td>1.000000</td>\n",
       "      <td>-0.135371</td>\n",
       "      <td>0.048679</td>\n",
       "      <td>-0.086139</td>\n",
       "      <td>0.006399</td>\n",
       "      <td>-0.012071</td>\n",
       "    </tr>\n",
       "    <tr>\n",
       "      <th>long</th>\n",
       "      <td>0.022036</td>\n",
       "      <td>0.132054</td>\n",
       "      <td>0.224903</td>\n",
       "      <td>0.241214</td>\n",
       "      <td>0.230227</td>\n",
       "      <td>0.125943</td>\n",
       "      <td>-0.039864</td>\n",
       "      <td>-0.077702</td>\n",
       "      <td>-0.105877</td>\n",
       "      <td>0.200341</td>\n",
       "      <td>0.344842</td>\n",
       "      <td>0.409993</td>\n",
       "      <td>-0.072156</td>\n",
       "      <td>-0.564259</td>\n",
       "      <td>-0.135371</td>\n",
       "      <td>1.000000</td>\n",
       "      <td>0.335626</td>\n",
       "      <td>0.255586</td>\n",
       "      <td>0.199873</td>\n",
       "      <td>0.007976</td>\n",
       "    </tr>\n",
       "    <tr>\n",
       "      <th>sqft_living15</th>\n",
       "      <td>0.585241</td>\n",
       "      <td>0.393406</td>\n",
       "      <td>0.569884</td>\n",
       "      <td>0.756402</td>\n",
       "      <td>0.144763</td>\n",
       "      <td>0.280102</td>\n",
       "      <td>0.088860</td>\n",
       "      <td>0.278928</td>\n",
       "      <td>-0.093072</td>\n",
       "      <td>0.713867</td>\n",
       "      <td>0.731767</td>\n",
       "      <td>0.326377</td>\n",
       "      <td>-0.000247</td>\n",
       "      <td>-0.279299</td>\n",
       "      <td>0.048679</td>\n",
       "      <td>0.335626</td>\n",
       "      <td>1.000000</td>\n",
       "      <td>0.183515</td>\n",
       "      <td>0.543327</td>\n",
       "      <td>0.010318</td>\n",
       "    </tr>\n",
       "    <tr>\n",
       "      <th>sqft_lot15</th>\n",
       "      <td>0.082845</td>\n",
       "      <td>0.030690</td>\n",
       "      <td>0.088303</td>\n",
       "      <td>0.184342</td>\n",
       "      <td>0.718204</td>\n",
       "      <td>-0.010722</td>\n",
       "      <td>0.032002</td>\n",
       "      <td>0.073083</td>\n",
       "      <td>-0.003126</td>\n",
       "      <td>0.120981</td>\n",
       "      <td>0.195077</td>\n",
       "      <td>0.070777</td>\n",
       "      <td>0.003852</td>\n",
       "      <td>-0.147294</td>\n",
       "      <td>-0.086139</td>\n",
       "      <td>0.255586</td>\n",
       "      <td>0.183515</td>\n",
       "      <td>1.000000</td>\n",
       "      <td>0.065209</td>\n",
       "      <td>0.008527</td>\n",
       "    </tr>\n",
       "    <tr>\n",
       "      <th>bath_and_bed</th>\n",
       "      <td>0.467376</td>\n",
       "      <td>0.894855</td>\n",
       "      <td>0.843155</td>\n",
       "      <td>0.755961</td>\n",
       "      <td>0.066362</td>\n",
       "      <td>0.373192</td>\n",
       "      <td>0.033475</td>\n",
       "      <td>0.145960</td>\n",
       "      <td>-0.049224</td>\n",
       "      <td>0.570173</td>\n",
       "      <td>0.658030</td>\n",
       "      <td>0.361615</td>\n",
       "      <td>0.038121</td>\n",
       "      <td>-0.203221</td>\n",
       "      <td>0.006399</td>\n",
       "      <td>0.199873</td>\n",
       "      <td>0.543327</td>\n",
       "      <td>0.065209</td>\n",
       "      <td>1.000000</td>\n",
       "      <td>0.014514</td>\n",
       "    </tr>\n",
       "    <tr>\n",
       "      <th>renovation_yes</th>\n",
       "      <td>0.002127</td>\n",
       "      <td>0.012265</td>\n",
       "      <td>0.013109</td>\n",
       "      <td>0.009294</td>\n",
       "      <td>0.009493</td>\n",
       "      <td>0.006914</td>\n",
       "      <td>0.001438</td>\n",
       "      <td>-0.004769</td>\n",
       "      <td>0.002522</td>\n",
       "      <td>0.006782</td>\n",
       "      <td>0.007703</td>\n",
       "      <td>0.007925</td>\n",
       "      <td>NaN</td>\n",
       "      <td>-0.007471</td>\n",
       "      <td>-0.012071</td>\n",
       "      <td>0.007976</td>\n",
       "      <td>0.010318</td>\n",
       "      <td>0.008527</td>\n",
       "      <td>0.014514</td>\n",
       "      <td>1.000000</td>\n",
       "    </tr>\n",
       "  </tbody>\n",
       "</table>\n",
       "</div>"
      ],
      "text/plain": [
       "                   price  bedrooms  bathrooms  sqft_living  sqft_lot  \\\n",
       "price           1.000000  0.308787   0.525906     0.701917  0.089876   \n",
       "bedrooms        0.308787  1.000000   0.514508     0.578212  0.032471   \n",
       "bathrooms       0.525906  0.514508   1.000000     0.755758  0.088373   \n",
       "sqft_living     0.701917  0.578212   0.755758     1.000000  0.173453   \n",
       "sqft_lot        0.089876  0.032471   0.088373     0.173453  1.000000   \n",
       "floors          0.256804  0.177944   0.502582     0.353953 -0.004814   \n",
       "waterfront      0.276295 -0.002386   0.067282     0.110230  0.023143   \n",
       "view            0.393497  0.078354   0.186016     0.281715  0.075054   \n",
       "condition       0.036056  0.026496  -0.126479    -0.059445 -0.008830   \n",
       "grade           0.667951  0.356563   0.665838     0.762779  0.114731   \n",
       "sqft_above      0.605368  0.479386   0.686668     0.876448  0.184139   \n",
       "yr_built        0.053953  0.155670   0.507173     0.318152  0.052946   \n",
       "yr_renovated    0.129599  0.018495   0.051050     0.055660  0.004513   \n",
       "zipcode        -0.053402 -0.154092  -0.204786    -0.199802 -0.129586   \n",
       "lat             0.306692 -0.009951   0.024280     0.052155 -0.085514   \n",
       "long            0.022036  0.132054   0.224903     0.241214  0.230227   \n",
       "sqft_living15   0.585241  0.393406   0.569884     0.756402  0.144763   \n",
       "sqft_lot15      0.082845  0.030690   0.088303     0.184342  0.718204   \n",
       "bath_and_bed    0.467376  0.894855   0.843155     0.755961  0.066362   \n",
       "renovation_yes  0.002127  0.012265   0.013109     0.009294  0.009493   \n",
       "\n",
       "                  floors  waterfront      view  condition     grade  \\\n",
       "price           0.256804    0.276295  0.393497   0.036056  0.667951   \n",
       "bedrooms        0.177944   -0.002386  0.078354   0.026496  0.356563   \n",
       "bathrooms       0.502582    0.067282  0.186016  -0.126479  0.665838   \n",
       "sqft_living     0.353953    0.110230  0.281715  -0.059445  0.762779   \n",
       "sqft_lot       -0.004814    0.023143  0.075054  -0.008830  0.114731   \n",
       "floors          1.000000    0.021883  0.028414  -0.264075  0.458794   \n",
       "waterfront      0.021883    1.000000  0.405107   0.017642  0.087383   \n",
       "view            0.028414    0.405107  1.000000   0.045622  0.249082   \n",
       "condition      -0.264075    0.017642  0.045622   1.000000 -0.146896   \n",
       "grade           0.458794    0.087383  0.249082  -0.146896  1.000000   \n",
       "sqft_above      0.523989    0.075463  0.166017  -0.158904  0.756073   \n",
       "yr_built        0.489193   -0.026079 -0.054452  -0.361592  0.447865   \n",
       "yr_renovated    0.003535    0.087244  0.100977  -0.061858  0.016669   \n",
       "zipcode        -0.059541    0.031057  0.085059   0.002888 -0.185771   \n",
       "lat             0.049239   -0.012772  0.006321  -0.015102  0.113575   \n",
       "long            0.125943   -0.039864 -0.077702  -0.105877  0.200341   \n",
       "sqft_living15   0.280102    0.088860  0.278928  -0.093072  0.713867   \n",
       "sqft_lot15     -0.010722    0.032002  0.073083  -0.003126  0.120981   \n",
       "bath_and_bed    0.373192    0.033475  0.145960  -0.049224  0.570173   \n",
       "renovation_yes  0.006914    0.001438 -0.004769   0.002522  0.006782   \n",
       "\n",
       "                sqft_above  yr_built  yr_renovated   zipcode       lat  \\\n",
       "price             0.605368  0.053953      0.129599 -0.053402  0.306692   \n",
       "bedrooms          0.479386  0.155670      0.018495 -0.154092 -0.009951   \n",
       "bathrooms         0.686668  0.507173      0.051050 -0.204786  0.024280   \n",
       "sqft_living       0.876448  0.318152      0.055660 -0.199802  0.052155   \n",
       "sqft_lot          0.184139  0.052946      0.004513 -0.129586 -0.085514   \n",
       "floors            0.523989  0.489193      0.003535 -0.059541  0.049239   \n",
       "waterfront        0.075463 -0.026079      0.087244  0.031057 -0.012772   \n",
       "view              0.166017 -0.054452      0.100977  0.085059  0.006321   \n",
       "condition        -0.158904 -0.361592     -0.061858  0.002888 -0.015102   \n",
       "grade             0.756073  0.447865      0.016669 -0.185771  0.113575   \n",
       "sqft_above        1.000000  0.424037      0.022137 -0.261570 -0.001199   \n",
       "yr_built          0.424037  1.000000     -0.225209 -0.347210 -0.148370   \n",
       "yr_renovated      0.022137 -0.225209      1.000000  0.069846  0.032145   \n",
       "zipcode          -0.261570 -0.347210      0.069846  1.000000  0.266742   \n",
       "lat              -0.001199 -0.148370      0.032145  0.266742  1.000000   \n",
       "long              0.344842  0.409993     -0.072156 -0.564259 -0.135371   \n",
       "sqft_living15     0.731767  0.326377     -0.000247 -0.279299  0.048679   \n",
       "sqft_lot15        0.195077  0.070777      0.003852 -0.147294 -0.086139   \n",
       "bath_and_bed      0.658030  0.361615      0.038121 -0.203221  0.006399   \n",
       "renovation_yes    0.007703  0.007925           NaN -0.007471 -0.012071   \n",
       "\n",
       "                    long  sqft_living15  sqft_lot15  bath_and_bed  \\\n",
       "price           0.022036       0.585241    0.082845      0.467376   \n",
       "bedrooms        0.132054       0.393406    0.030690      0.894855   \n",
       "bathrooms       0.224903       0.569884    0.088303      0.843155   \n",
       "sqft_living     0.241214       0.756402    0.184342      0.755961   \n",
       "sqft_lot        0.230227       0.144763    0.718204      0.066362   \n",
       "floors          0.125943       0.280102   -0.010722      0.373192   \n",
       "waterfront     -0.039864       0.088860    0.032002      0.033475   \n",
       "view           -0.077702       0.278928    0.073083      0.145960   \n",
       "condition      -0.105877      -0.093072   -0.003126     -0.049224   \n",
       "grade           0.200341       0.713867    0.120981      0.570173   \n",
       "sqft_above      0.344842       0.731767    0.195077      0.658030   \n",
       "yr_built        0.409993       0.326377    0.070777      0.361615   \n",
       "yr_renovated   -0.072156      -0.000247    0.003852      0.038121   \n",
       "zipcode        -0.564259      -0.279299   -0.147294     -0.203221   \n",
       "lat            -0.135371       0.048679   -0.086139      0.006399   \n",
       "long            1.000000       0.335626    0.255586      0.199873   \n",
       "sqft_living15   0.335626       1.000000    0.183515      0.543327   \n",
       "sqft_lot15      0.255586       0.183515    1.000000      0.065209   \n",
       "bath_and_bed    0.199873       0.543327    0.065209      1.000000   \n",
       "renovation_yes  0.007976       0.010318    0.008527      0.014514   \n",
       "\n",
       "                renovation_yes  \n",
       "price                 0.002127  \n",
       "bedrooms              0.012265  \n",
       "bathrooms             0.013109  \n",
       "sqft_living           0.009294  \n",
       "sqft_lot              0.009493  \n",
       "floors                0.006914  \n",
       "waterfront            0.001438  \n",
       "view                 -0.004769  \n",
       "condition             0.002522  \n",
       "grade                 0.006782  \n",
       "sqft_above            0.007703  \n",
       "yr_built              0.007925  \n",
       "yr_renovated               NaN  \n",
       "zipcode              -0.007471  \n",
       "lat                  -0.012071  \n",
       "long                  0.007976  \n",
       "sqft_living15         0.010318  \n",
       "sqft_lot15            0.008527  \n",
       "bath_and_bed          0.014514  \n",
       "renovation_yes        1.000000  "
      ]
     },
     "execution_count": 8,
     "metadata": {},
     "output_type": "execute_result"
    }
   ],
   "source": [
    "df.corr()"
   ]
  },
  {
   "cell_type": "markdown",
   "metadata": {},
   "source": [
    "created a model looking at four featues"
   ]
  },
  {
   "cell_type": "code",
   "execution_count": 9,
   "metadata": {},
   "outputs": [
    {
     "data": {
      "text/html": [
       "<table class=\"simpletable\">\n",
       "<caption>OLS Regression Results</caption>\n",
       "<tr>\n",
       "  <th>Dep. Variable:</th>          <td>price</td>      <th>  R-squared:         </th>  <td>   0.544</td>  \n",
       "</tr>\n",
       "<tr>\n",
       "  <th>Model:</th>                   <td>OLS</td>       <th>  Adj. R-squared:    </th>  <td>   0.544</td>  \n",
       "</tr>\n",
       "<tr>\n",
       "  <th>Method:</th>             <td>Least Squares</td>  <th>  F-statistic:       </th>  <td>   6429.</td>  \n",
       "</tr>\n",
       "<tr>\n",
       "  <th>Date:</th>             <td>Wed, 30 Jun 2021</td> <th>  Prob (F-statistic):</th>   <td>  0.00</td>   \n",
       "</tr>\n",
       "<tr>\n",
       "  <th>Time:</th>                 <td>14:20:43</td>     <th>  Log-Likelihood:    </th> <td>-2.9892e+05</td>\n",
       "</tr>\n",
       "<tr>\n",
       "  <th>No. Observations:</th>      <td> 21597</td>      <th>  AIC:               </th>  <td>5.979e+05</td> \n",
       "</tr>\n",
       "<tr>\n",
       "  <th>Df Residuals:</th>          <td> 21592</td>      <th>  BIC:               </th>  <td>5.979e+05</td> \n",
       "</tr>\n",
       "<tr>\n",
       "  <th>Df Model:</th>              <td>     4</td>      <th>                     </th>      <td> </td>     \n",
       "</tr>\n",
       "<tr>\n",
       "  <th>Covariance Type:</th>      <td>nonrobust</td>    <th>                     </th>      <td> </td>     \n",
       "</tr>\n",
       "</table>\n",
       "<table class=\"simpletable\">\n",
       "<tr>\n",
       "       <td></td>          <th>coef</th>     <th>std err</th>      <th>t</th>      <th>P>|t|</th>  <th>[0.025</th>    <th>0.975]</th>  \n",
       "</tr>\n",
       "<tr>\n",
       "  <th>Intercept</th>   <td>-4.813e+05</td> <td>  1.5e+04</td> <td>  -32.145</td> <td> 0.000</td> <td>-5.11e+05</td> <td>-4.52e+05</td>\n",
       "</tr>\n",
       "<tr>\n",
       "  <th>sqft_living</th> <td>  226.9304</td> <td>    3.592</td> <td>   63.177</td> <td> 0.000</td> <td>  219.890</td> <td>  233.971</td>\n",
       "</tr>\n",
       "<tr>\n",
       "  <th>grade</th>       <td> 9.674e+04</td> <td> 2323.206</td> <td>   41.640</td> <td> 0.000</td> <td> 9.22e+04</td> <td> 1.01e+05</td>\n",
       "</tr>\n",
       "<tr>\n",
       "  <th>bathrooms</th>   <td>-2.722e+04</td> <td> 3491.838</td> <td>   -7.794</td> <td> 0.000</td> <td>-3.41e+04</td> <td>-2.04e+04</td>\n",
       "</tr>\n",
       "<tr>\n",
       "  <th>bedrooms</th>    <td>-3.965e+04</td> <td> 2304.000</td> <td>  -17.210</td> <td> 0.000</td> <td>-4.42e+04</td> <td>-3.51e+04</td>\n",
       "</tr>\n",
       "</table>\n",
       "<table class=\"simpletable\">\n",
       "<tr>\n",
       "  <th>Omnibus:</th>       <td>16463.655</td> <th>  Durbin-Watson:     </th>  <td>   1.981</td> \n",
       "</tr>\n",
       "<tr>\n",
       "  <th>Prob(Omnibus):</th>  <td> 0.000</td>   <th>  Jarque-Bera (JB):  </th> <td>894495.760</td>\n",
       "</tr>\n",
       "<tr>\n",
       "  <th>Skew:</th>           <td> 3.179</td>   <th>  Prob(JB):          </th>  <td>    0.00</td> \n",
       "</tr>\n",
       "<tr>\n",
       "  <th>Kurtosis:</th>       <td>33.880</td>   <th>  Cond. No.          </th>  <td>2.04e+04</td> \n",
       "</tr>\n",
       "</table><br/><br/>Notes:<br/>[1] Standard Errors assume that the covariance matrix of the errors is correctly specified.<br/>[2] The condition number is large, 2.04e+04. This might indicate that there are<br/>strong multicollinearity or other numerical problems."
      ],
      "text/plain": [
       "<class 'statsmodels.iolib.summary.Summary'>\n",
       "\"\"\"\n",
       "                            OLS Regression Results                            \n",
       "==============================================================================\n",
       "Dep. Variable:                  price   R-squared:                       0.544\n",
       "Model:                            OLS   Adj. R-squared:                  0.544\n",
       "Method:                 Least Squares   F-statistic:                     6429.\n",
       "Date:                Wed, 30 Jun 2021   Prob (F-statistic):               0.00\n",
       "Time:                        14:20:43   Log-Likelihood:            -2.9892e+05\n",
       "No. Observations:               21597   AIC:                         5.979e+05\n",
       "Df Residuals:                   21592   BIC:                         5.979e+05\n",
       "Df Model:                           4                                         \n",
       "Covariance Type:            nonrobust                                         \n",
       "===============================================================================\n",
       "                  coef    std err          t      P>|t|      [0.025      0.975]\n",
       "-------------------------------------------------------------------------------\n",
       "Intercept   -4.813e+05    1.5e+04    -32.145      0.000   -5.11e+05   -4.52e+05\n",
       "sqft_living   226.9304      3.592     63.177      0.000     219.890     233.971\n",
       "grade        9.674e+04   2323.206     41.640      0.000    9.22e+04    1.01e+05\n",
       "bathrooms   -2.722e+04   3491.838     -7.794      0.000   -3.41e+04   -2.04e+04\n",
       "bedrooms    -3.965e+04   2304.000    -17.210      0.000   -4.42e+04   -3.51e+04\n",
       "==============================================================================\n",
       "Omnibus:                    16463.655   Durbin-Watson:                   1.981\n",
       "Prob(Omnibus):                  0.000   Jarque-Bera (JB):           894495.760\n",
       "Skew:                           3.179   Prob(JB):                         0.00\n",
       "Kurtosis:                      33.880   Cond. No.                     2.04e+04\n",
       "==============================================================================\n",
       "\n",
       "Notes:\n",
       "[1] Standard Errors assume that the covariance matrix of the errors is correctly specified.\n",
       "[2] The condition number is large, 2.04e+04. This might indicate that there are\n",
       "strong multicollinearity or other numerical problems.\n",
       "\"\"\""
      ]
     },
     "execution_count": 9,
     "metadata": {},
     "output_type": "execute_result"
    }
   ],
   "source": [
    "f = 'price ~ sqft_living + grade + bathrooms + bedrooms'\n",
    "model = ols(formula=f, data=df).fit()\n",
    "model.summary()"
   ]
  },
  {
   "cell_type": "markdown",
   "metadata": {},
   "source": [
    "trying to improve r-squared by adding more features"
   ]
  },
  {
   "cell_type": "code",
   "execution_count": 10,
   "metadata": {},
   "outputs": [
    {
     "data": {
      "text/html": [
       "<table class=\"simpletable\">\n",
       "<caption>OLS Regression Results</caption>\n",
       "<tr>\n",
       "  <th>Dep. Variable:</th>          <td>price</td>      <th>  R-squared:         </th>  <td>   0.606</td>  \n",
       "</tr>\n",
       "<tr>\n",
       "  <th>Model:</th>                   <td>OLS</td>       <th>  Adj. R-squared:    </th>  <td>   0.606</td>  \n",
       "</tr>\n",
       "<tr>\n",
       "  <th>Method:</th>             <td>Least Squares</td>  <th>  F-statistic:       </th>  <td>   5534.</td>  \n",
       "</tr>\n",
       "<tr>\n",
       "  <th>Date:</th>             <td>Wed, 30 Jun 2021</td> <th>  Prob (F-statistic):</th>   <td>  0.00</td>   \n",
       "</tr>\n",
       "<tr>\n",
       "  <th>Time:</th>                 <td>14:20:43</td>     <th>  Log-Likelihood:    </th> <td>-2.9733e+05</td>\n",
       "</tr>\n",
       "<tr>\n",
       "  <th>No. Observations:</th>      <td> 21597</td>      <th>  AIC:               </th>  <td>5.947e+05</td> \n",
       "</tr>\n",
       "<tr>\n",
       "  <th>Df Residuals:</th>          <td> 21590</td>      <th>  BIC:               </th>  <td>5.947e+05</td> \n",
       "</tr>\n",
       "<tr>\n",
       "  <th>Df Model:</th>              <td>     6</td>      <th>                     </th>      <td> </td>     \n",
       "</tr>\n",
       "<tr>\n",
       "  <th>Covariance Type:</th>      <td>nonrobust</td>    <th>                     </th>      <td> </td>     \n",
       "</tr>\n",
       "</table>\n",
       "<table class=\"simpletable\">\n",
       "<tr>\n",
       "       <td></td>          <th>coef</th>     <th>std err</th>      <th>t</th>      <th>P>|t|</th>  <th>[0.025</th>    <th>0.975]</th>  \n",
       "</tr>\n",
       "<tr>\n",
       "  <th>Intercept</th>   <td>-3.071e+07</td> <td> 5.47e+05</td> <td>  -56.109</td> <td> 0.000</td> <td>-3.18e+07</td> <td>-2.96e+07</td>\n",
       "</tr>\n",
       "<tr>\n",
       "  <th>sqft_living</th> <td>  260.3274</td> <td>    4.282</td> <td>   60.796</td> <td> 0.000</td> <td>  251.934</td> <td>  268.720</td>\n",
       "</tr>\n",
       "<tr>\n",
       "  <th>grade</th>       <td> 8.971e+04</td> <td> 2261.289</td> <td>   39.671</td> <td> 0.000</td> <td> 8.53e+04</td> <td> 9.41e+04</td>\n",
       "</tr>\n",
       "<tr>\n",
       "  <th>bathrooms</th>   <td>-1.841e+04</td> <td> 3248.263</td> <td>   -5.668</td> <td> 0.000</td> <td>-2.48e+04</td> <td> -1.2e+04</td>\n",
       "</tr>\n",
       "<tr>\n",
       "  <th>bedrooms</th>    <td>-3.768e+04</td> <td> 2142.652</td> <td>  -17.584</td> <td> 0.000</td> <td>-4.19e+04</td> <td>-3.35e+04</td>\n",
       "</tr>\n",
       "<tr>\n",
       "  <th>sqft_above</th>  <td>  -48.4462</td> <td>    4.144</td> <td>  -11.690</td> <td> 0.000</td> <td>  -56.569</td> <td>  -40.323</td>\n",
       "</tr>\n",
       "<tr>\n",
       "  <th>lat</th>         <td> 6.366e+05</td> <td> 1.15e+04</td> <td>   55.156</td> <td> 0.000</td> <td> 6.14e+05</td> <td> 6.59e+05</td>\n",
       "</tr>\n",
       "</table>\n",
       "<table class=\"simpletable\">\n",
       "<tr>\n",
       "  <th>Omnibus:</th>       <td>18783.513</td> <th>  Durbin-Watson:     </th>  <td>   1.988</td>  \n",
       "</tr>\n",
       "<tr>\n",
